3001
2924
2924
2886
3039
3193
3577
3578
3577
3577
3578
3540
3540
3540
3692
3846
3961
4154
4307
4575
4690
4806
4921
4998
5075
5152
5228
5267
5228
5190
5075
4767
4767
4729
4729
4690
4613
4538
4461
4384
4346
4307
4269
4192
4038
3961
3846
3769
3692
3617
3540
3501
3463
3424
3424
3386
3309
3193
3155
3116
3078
3078
3193
3270
3309
3347
3347
3347
3347
3347
3347
3424
3463
3463
3463
3463
3424
3347
3193
3116
3078
3232
3347
3501
3540
3577
3615
3654
3692
3692
3654
3615
3615
3578
3540
3501
3463
3424
3424
3386
3386
3386
3386
3347
3270
3155
3078
3155
3193
3232
3270
3270
3232
3386
3424
3424
3424
3309
3155
3116
3116
3193
3309
3347
3386
3424
3463
3463
3463
3424
3386
3424
3424
3463
3501
3501
3424
3386
3309
3309
3232
3116
3116
3270
3347
3424
3501
3540
3577
3615
3654
3615
3615
3615
3577
3578
3540
3501
3463
3424
3424
3386
3347
3232
3116
3039
3001
2962
3001
3116
3193
3232
3270
3270
3309
3309
3424
3463
3463
3540
3692
3807
4000
4115
4192
4384
4613
5075
5228
5305
5498
5572
5687
5726
5803
5841
5880
5918
5880
5918
5995
6033
6033
6072
6072
6110
6149
6149
6149
6149
6187
6187
6225
6187
6187
6225
6225
6225
6187
6225
6187
6225
6225
6225
6225
6187
6187
6225
6225
6264
6264
6264
6225
6264
6264
6264
6302
6341
6341
6302
6341
6341
6341
6264
6264
6264
6302
6302
6341
6341
6341
6341
6341
6302
6341
6341
6341
6341
6379
6379
6341
6341
6341
6341
6302
6341
6341
6302
6341
6341
6341
6379
6379
6379
6379
6379
6379
6302
6302
6379
6456
6456
6379
6302
6264
6149
5956
5803
5649
5459
5305
5113
4959
4844
4690
4461
4346
4192
4077
3923
3807
4000
4154
4346
4729
5036
5228
5305
5344
5421
5459
5459
5498
5498
5611
5726
5803
5803
5880
5918
5956
5995
6033
6033
6033
6033
6072
6072
6110
6110
6110
6149
6149
6149
6149
6149
6149
6110
6110
6149
6149
6149
6110
6110
6110
6110
6110
6110
6072
6072
6072
6072
6033
6033
6072
6072
6033
6072
6110
6110
6110
6149
6149
6149
6149
6110
6072
6149
6187
6149
6187
6149
6149
6110
6110
6110
6110
6072
6072
6033
6033
5995
5956
5956
5956
5995
6033
6072
6110
6149
6110
6110
6072
6033
6072
6110
6110
6110
6072
6072
6110
6110
6110
6149
6110
6033
5956
5841
5726
5649
5572
5572
5611
5611
5880
6072
6110
6072
6033
6072
6072
6110
6149
6187
6225
6110
6072
6033
5995
5918
5880
5880
5841
5841
5764
5687
5649
5572
5611
5572
5534
5536
5498
5498
5459
5459
5421
5421
5382
5382
5382
5421
5421
5421
5459
5459
5459
5459
5459
5459
5421
5421
5421
5421
5459
5459
5459
5459
5495
5498
5498
5498
5459
5459
5498
5534
5572
5534
5534
5498
5459
5421
5421
5421
5459
5421
5382
5382
5344
5344
5305
5305
5344
5344
5344
5344
5382
5382
5344
5344
5382
5382
5344
5382
5382
5382
5421
5421
5459
5459
5459
5459
5459
5459
5459
5459
5459
5459
5459
5459
5459
5459
5459
5459
5421
5421
5382
5382
5382
5421
5421
5459
5459
5459
5459
5421
5459
5459
5498
5498
5498
5498
5498
5498
5536
5611
5649
5649
5687
5687
5726
5764
5726
5726
5764
5764
5803
5803
5880
5841
5880
5880
5841
5841
5841
5841
5841
5880
5880
5880
5880
5880
5880
5880
5880
5880
5880
5880
5880
5880
5880
5880
5880
5880
5880
5880
5841
5803
5803
5803
5803
5803
5764
5726
5726
5649
5649
5611
5574
5572
5574
5536
5536
5498
5459
5421
5421
5421
5382
5382
5382
5421
5495
5534
5572
5572
5572
5572
5611
5649
5649
5687
5687
5726
5687
5687
5726
5726
5726
5726
5764
5764
5841
5841
5803
5803
5764
5764
5764
5764
5803
5803
5803
5803
5764
5764
5764
5764
5726
5726
5764
5726
5764
5726
5726
5726
5687
5687
5649
5611
5572
5572
5534
5534
5495
5495
5495
5495
5495
5459
5459
5459
5382
5421
5421
5421
5421
5421
5421
5421
5459
5459
5459
5459
5459
5459
5459
5459
5421
5459
5459
5459
5459
5459
5498
5498
5459
5421
5421
5382
5382
5421
5421
5382
5421
5421
5421
5421
5382
5382
5344
5344
5344
5344
5344
5382
5421
5495
5495
5459
5305
5267
5267
5228
5267
5228
5267
5267
5305
5305
5305
5344
5344
5382
5421
5421
5421
5421
5421
5459
5459
5498
5536
5536
5536
5536
5498
5498
5498
5498
5498
5498
5459
5498
5498
5498
5498
5498
5495
5495
5457
5457
5457
5457
5457
5418
5421
5421
5418
5421
5418
5421
5459
5459
5457
5457
5457
5457
5459
5459
5457
5495
5534
5534
5495
5495
5457
5459
5459
5421
5421
5459
5459
5459
5459
5459
5459
5459
5498
5459
5459
5459
5459
5421
5421
5421
5421
5459
5421
5421
5421
5421
5459
5421
5459
5459
5459
5459
5498
5495
5495
5536
5534
5534
5498
5498
5459
5459
5498
5498
5536
5536
5572
5572
5534
5534
5534
5495
5495
5498
5498
5498
5495
5498
5534
5536
5536
5536
5498
5498
5498
5498
5498
5498
5498
5459
5459
5459
5421
5421
5459
5459
5459
5459
5459
5459
5459
5459
5498
5498
5498
5498
5498
5498
5498
5498
5498
5498
5498
5498
5498
5498
5498
5498
5498
5536
5572
5534
5572
5534
5495
5495
5498
5498
5498
5459
5498
5498
5498
5459
5459
5459
5459
5459
5459
5459
5498
5498
5498
5498
5498
5498
5459
5457
5459
5459
5421
5421
5421
5421
5421
5421
5459
5459
5459
5459
5498
5459
5459
5459
5459
5459
5459
5459
5498
5459
5459
5459
5459
5459
5459
5421
5421
5421
5421
5498
5498
5534
5572
5572
5536
5536
5536
5498
5495
5534
5495
5495
5495
5495
5495
5495
5495
5495
5495
5572
5649
5687
5687
5726
5726
5726
5764
5803
5803
5841
5841
5841
5880
5841
5841
5841
5880
5841
5880
5880
5880
5880
5880
5918
5918
5918
5918
5918
5956
5956
5956
5918
5918
5918
5918
5918
5918
5918
5956
5918
5918
5880
5841
5764
5764
5726
5687
5687
5687
5649
5649
5611
5611
5611
5572
5572
5572
5572
5611
5649
5649
5687
5687
5687
5726
5726
5764
5764
5803
5803
5803
5803
5803
5841
5841
5841
5880
5841
5841
5841
5841
5841
5803
5841
5841
5803
5841
5803
5803
5803
5803
5841
5880
5841
5880
5880
5918
5918
5841
5803
5764
5764
5726
5726
5687
5649
5649
5649
5611
5611
5572
5534
5534
5534
5534
5534
5536
5498
5495
5498
5457
5457
5495
5498
5534
5536
5534
5534
5534
5534
5572
5572
5572
5572
5572
5572
5611
5611
5613
5574
5574
5536
5536
5536
5536
5536
5536
5536
5498
5536
5498
5536
5536
5498
5498
5459
5459
5459
5459
5498
5498
5536
5536
5536
5536
5536
5536
5536
5498
5498
5498
5459
5459
5459
5459
5459
5459
5498
5536
5536
5536
5498
5498
5498
5536
5498
5498
5459
5498
5498
5498
5459
5459
5498
5498
5498
5498
5498
5498
5498
5459
5459
5459
5459
5459
5459
5421
5459
5459
5457
5459
5459
5459
5459
5459
5498
5498
5495
5536
5536
5498
5536
5536
5536
5498
5498
5536
5498
5498
5498
5536
5498
5498
5498
5459
5498
5498
5498
5498
5498
5498
5459
5459
5459
5459
5498
5498
5498
5498
5534
5534
5534
5536
5536
5498
5536
5536
5536
5498
5498
5498
5498
5498
5459
5459
5498
5459
5498
5459
5498
5459
5459
5421
5459
5457
5457
5495
5534
5534
5534
5495
5495
5495
5495
5495
5495
5459
5459
5459
5421
5421
5459
5459
5459
5459
5459
5459
5459
5459
5457
5459
5495
5495
5495
5495
5457
5459
5459
5459
5459
5459
5459
5459
5459
5457
5495
5457
5457
5457
5459
5459
5498
5498
5498
5495
5572
5534
5534
5534
5534
5534
5534
5495
5495
5498
5498
5498
5536
5536
5534
5536
5574
5574
5574
5574
5574
5574
5574
5574
5613
5574
5574
5536
5498
5498
5498
5498
5498
5536
5536
5536
5536
5536
5536
5536
5536
5536
5536
5536
5534
5534
5572
5572
5572
5572
5572
5572
5574
5574
5572
5534
5534
5536
5534
5536
5536
5534
5498
5498
5459
5459
5421
5459
5421
5421
5421
5421
5459
5421
5421
5421
5421
5421
5421
5382
5421
5421
5421
5421
5421
5421
5421
5421
5421
5421
5459
5459
5459
5421
5421
5421
5421
5459
5459
5498
5498
5459
5459
5459
5459
5459
5459
5459
5459
5498
5498
5498
5498
5498
5498
5498
5498
5498
5459
5534
5534
5534
5534
5534
5534
5534
5534
5572
5572
5572
5572
5572
5572
5574
5574
5574
5574
5613
5613
5574
5574
5574
5574
5613
5613
5574
5574
5536
5536
5536
5536
5536
5536
5536
5536
5534
5534
5534
5534
5534
5534
5534
5495
5495
5495
5536
5536
5534
5534
5495
5495
5495
5495
5498
5498
5498
5498
5498
5498
5498
5498
5498
5498
5498
5536
5498
5498
5536
5611
5611
5649
5687
5687
5726
5726
5764
5803
5803
5841
5880
5880
5995
6149
6187
6302
6418
6492
6569
6607
6645
6838
6838
6799
6799
6761
6684
6530
6415
6264
6187
5995
5803
5611
5421
5190
5036
4844
4575
4346
4192
4038
3884
3731
3578
3424
3424
3463
3463
3463
3424
3424
3386
3386
3347
3347
3309
3347
3309
3193
3039
2962
3039
3193
3347
3501
3577
3615
3692
3731
3731
3769
3731
3692
3654
3655
3617
3578
3540
3463
3540
3578
3578
3578
3617
3578
3578
3463
3347
3270
3232
3347
3386
3386
3386
3386
3424
3424
3424
3424
3386
3386
3386
3347
3386
3386
3309
3232
3193
3116
3078
3039
3078
3193
3309
3386
3424
3501
3540
3540
3577
3615
3577
3540
3540
3501
3615
4038
4231
4384
4538
4690
4844
4959
5036
5152
5344
5534
5534
5611
5649
5726
5611
5572
5687
5956
6264
6530
6530
6492
6492
6684
6645
6607
6607
6495
6456
6456
6418
6302
6225
6110
5995
5726
5498
5267
5075
4921
4806
4613
4384
4192
4077
3884
3769
3692
3617
3501
3463
3270
3116
3078
3155
3193
3232
3309
3309
3309
3309
3309
3309
3155
3039
2962
2924
3078
3232
3270
3347
3386
3463
3501
3501
3578
3615
3615
3615
3615
3577
3540
3501
3463
3424
3424
3386
3347
3270
3155
3039
