4652
4652
4613
4577
4652
4729
4767
4921
4844
4844
4882
4882
4806
4844
4844
4806
4613
4461
4384
4231
4154
4038
4038
3923
3923
3807
3654
3540
3424
3270
3155
3078
3001
2924
2886
2886
2847
2847
2847
2847
2847
2847
2847
2886
3232
3463
4115
4307
4461
4536
4652
4767
4844
5075
5344
5536
5611
5649
5841
5956
6033
5995
5880
5918
6072
6149
6187
6187
6072
5956
5956
5803
5726
5574
5421
5305
5190
4998
4767
4615
4384
4192
4038
3846
3655
3501
3386
3232
3155
3039
2962
2924
2886
2847
2847
2847
2847
2924
3078
3386
3577
3731
3923
4192
4269
4346
4461
4575
4690
4806
4921
4959
4921
4882
4844
4806
4652
4690
4538
4384
4231
4038
3846
3731
3617
3463
3347
3232
3155
3078
3039
2962
2962
3039
3078
3155
3232
3270
3347
3386
3463
3501
3540
3540
3578
3578
3617
3617
3655
3692
3655
3692
3692
3692
3692
3731
3692
3731
3654
3654
3578
3540
3540
3540
3463
3424
3386
3309
3232
3155
3116
3078
3039
3039
3001
3001
2962
2962
2962
2962
2924
2924
2886
2886
2847
2886
2886
2847
2847
2847
2809
2809
2809
2847
2809
2809
2886
3001
3039
3039
3039
3039
3001
3001
2962
2924
2924
2886
2886
2847
2847
2847
2809
2847
2847
2924
2962
3039
3078
3078
3078
3116
3078
3039
3039
3039
3039
3039
3116
3116
3116
3116
3116
3078
3039
3001
2962
2962
2924
2886
2847
2847
2847
2847
2847
2847
2847
2847
2847
2886
3116
3347
3501
3577
3961
4115
4346
4538
4690
4806
4998
5113
5228
5305
5421
5498
5572
5649
5687
5687
5764
5841
5880
5918
5956
5956
5995
6033
6072
6072
6072
6110
6110
6149
6110
6187
6225
6302
6341
6379
6415
6492
6492
6530
6569
6569
6569
6569
6569
6569
6569
6569
6607
6607
6607
6645
6645
6645
6645
6645
6645
6607
6645
6645
6607
6607
6607
6607
6569
6530
6569
6492
6492
6418
6341
6341
6302
6302
6302
6302
6264
6264
6264
6264
6264
6264
6302
6264
6264
6302
6302
6302
6264
6302
6341
6302
6264
6225
6187
6187
6187
6187
6149
6072
6033
5956
5841
5803
5764
5687
5534
5421
5267
5190
5075
4998
4921
4806
4729
4613
4538
4461
4384
4307
4231
4192
4115
4038
4000
3961
3923
3884
3884
3846
3846
3807
3807
3769
3846
4077
4346
4500
4613
4652
4767
4921
5036
5075
5152
5228
5267
5382
5421
5421
5457
5534
5534
5572
5572
5611
5611
5649
5687
5687
5764
5764
5803
5764
5803
5803
5803
5764
5764
5764
5764
5803
5803
5803
5803
5841
5841
5841
5841
5841
5841
5841
5841
5841
5841
5841
5841
5841
5956
5956
6033
5995
5995
5956
5995
6033
6033
6033
6072
6072
6072
6110
6149
6149
6110
6149
6149
6149
6110
6149
6149
6149
6149
6110
6149
6149
6149
6149
6110
6149
6149
6149
6187
6187
6149
6149
6110
6072
6033
5995
5995
5995
6033
6072
6072
6033
6033
6033
6072
6110
6110
6110
6110
6110
6110
6072
6072
6110
6033
5956
5880
5803
5764
5726
5687
5611
5572
5534
5498
5459
5421
5344
5267
5190
5152
4998
4959
4882
4806
4806
4844
4844
5113
5344
5613
5764
5995
6110
5880
5687
5611
5613
5536
5421
5382
5382
5459
5649
5649
5649
5649
5572
5611
5726
5687
5649
5611
5611
5611
5572
5572
5572
5536
5534
5536
5572
5572
5534
5534
5536
5498
5498
5498
5498
5498
5498
5459
5459
5459
5459
5498
5498
5459
5498
5498
5498
5536
5536
5536
5536
5536
5536
5574
5574
5574
5498
5536
5536
5536
5498
5498
5459
5498
5536
5536
5572
5572
5534
5534
5534
5572
5572
5572
5611
5572
5572
5572
5534
5572
5572
5572
5534
5534
5534
5534
5572
5572
5572
5534
5536
5536
5536
5574
5611
5572
5611
5611
5611
5649
5649
5649
5649
5687
5687
5649
5649
5611
5611
5572
5574
5613
5613
5574
5572
5572
5611
5611
5651
5611
5651
5649
5649
5649
5649
5611
5687
5649
5649
5687
5687
5687
5687
5687
5687
5687
5651
5651
5651
5651
5613
5613
5611
5649
5611
5611
5611
5611
5611
5572
5572
5574
5572
5572
5611
5572
5611
5611
5572
5572
5572
5572
5572
5534
5534
5495
5495
5534
5572
5536
5495
5495
5534
5495
5495
5495
5495
5459
5495
5498
5495
5495
5534
5495
5534
5498
5498
5498
5498
5498
5495
5498
5459
5459
5421
5421
5459
5459
5459
5459
5498
5498
5495
5495
5534
5534
5536
5536
5536
5534
5495
5534
5534
5536
5536
5536
5574
5536
5574
5536
5536
5536
5572
5572
5572
5572
5572
5574
5574
5536
5536
5536
5536
5536
5536
5534
5574
5574
5536
5572
5572
5572
5572
5611
5611
5611
5572
5572
5572
5572
5572
5572
5572
5572
5572
5572
5572
5572
5572
5572
5572
5572
5572
5611
5611
5611
5611
5611
5611
5649
5611
5611
5611
5611
5649
5649
5649
5649
5649
5611
5611
5611
5649
5649
5649
5649
5649
5611
5611
5572
5572
5611
5572
5572
5572
5534
5534
5572
5534
5534
5534
5498
5534
5536
5536
5572
5572
5574
5536
5574
5574
5536
5574
5574
5574
5574
5536
5536
5534
5574
5572
5574
5574
5574
5574
5574
5536
5498
5498
5536
5536
5574
5613
5613
5574
5574
5574
5574
5536
5574
5574
5572
5611
5572
5572
5611
5572
5572
5572
5572
5534
5534
5534
5534
5495
5572
5572
5572
5572
5534
5534
5534
5534
5495
5495
5534
5534
5534
5534
5534
5534
5495
5495
5495
5457
5495
5495
5495
5534
5495
5495
5495
5495
5495
5457
5495
5534
5572
5611
5572
5534
5534
5534
5534
5495
5495
5534
5534
5495
5534
5495
5534
5574
5574
5536
5574
5574
5574
5574
5572
5534
5534
5572
5534
5534
5572
5572
5572
5572
5572
5611
5611
5649
5649
5611
5649
5649
5611
5611
5611
5572
5613
5574
5572
5572
5572
5536
5498
5498
5459
5459
5421
5421
5421
5459
5421
5421
5421
5421
5421
5498
5498
5536
5536
5534
5534
5534
5534
5534
5534
5572
5572
5572
5572
5611
5649
5649
5649
5687
5649
5611
5611
5611
5613
5613
5574
5613
5613
5613
5651
5613
5651
5649
5649
5649
5649
5649
5649
5649
5687
5649
5611
5649
5649
5649
5687
5649
5611
5611
5611
5572
5572
5572
5611
5649
5649
5611
5649
5611
5611
5572
5534
5498
5536
5574
5613
5651
5651
5649
5649
5649
5613
5611
5611
5611
5649
5649
5687
5649
5649
5611
5611
5611
5611
5611
5649
5649
5687
5649
5649
5611
5611
5649
5649
5649
5611
5649
5611
5572
5572
5534
5572
5611
5611
5611
5572
5611
5611
5611
5572
5572
5572
5534
5534
5572
5572
5611
5611
5613
5611
5611
5572
5572
5534
5534
5534
5536
5611
5572
5572
5572
5572
5534
5534
5534
5534
5495
5495
5457
5457
5457
5457
5495
5534
5572
5572
5534
5495
5534
5495
5495
5534
5534
5534
5534
5495
5495
5495
5457
5495
5534
5534
5572
5572
5572
5572
5534
5572
5613
5649
5649
5687
5687
5687
5649
5687
5649
5649
5611
5611
5611
5572
5572
5572
5611
5611
5649
5649
5687
5687
5687
5687
5690
5690
5690
5728
5728
5728
5728
5690
5649
5611
5611
5611
5611
5611
5649
5687
5687
5726
5687
5687
5687
5726
5726
5726
5764
5764
5764
5726
5690
5690
5690
5651
5690
5726
5726
5726
5726
5687
5687
5687
5651
5651
5613
5613
5651
5651
5690
5651
5613
5613
5651
5651
5611
5649
5687
5687
5687
5687
5687
5649
5611
5611
5611
5572
5572
5572
5611
5572
5534
5536
5534
5534
5536
5536
5536
5498
5498
5498
5498
5536
5536
5536
5536
5498
5459
5459
5459
5459
5421
5421
5421
5421
5421
5421
5459
5459
5498
5498
5459
5459
5498
5459
5459
5421
5421
5421
5421
5421
5421
5421
5421
5421
5421
5459
5459
5459
5421
5382
5382
5382
5344
5344
5382
5382
5382
5421
5421
5421
5421
5421
5421
5421
5421
5421
5421
5421
5421
5421
5382
5421
5421
5459
5459
5459
5459
5421
5459
5421
5421
5421
5382
5382
5421
5421
5382
5382
5344
5382
5382
5382
5421
5421
5421
5421
5421
5382
5382
5344
5344
5382
5382
5382
5344
5382
5382
5382
5382
5382
5382
5382
5382
5344
5344
5382
5344
5382
5382
5421
5459
5421
5457
5421
5459
5498
5498
5498
5536
5536
5536
5536
5536
5536
5574
5574
5651
5764
5880
5918
5995
6072
6149
6187
6149
6418
6533
6495
6379
6225
6149
6187
6033
5956
5726
5459
5228
4998
4806
4652
4423
4231
4038
3846
3692
3501
3386
3270
3193
3155
3078
3078
3039
3001
3001
3001
3039
3155
3155
3155
3155
3116
3078
3001
3001
2962
2924
2924
2924
2886
2847
2847
2847
2847
2847
2809
2809
2809
2847
2886
3193
3501
3884
4154
4307
4500
4575
4690
4767
4844
5036
5190
5190
5267
5305
5382
5344
5305
5421
5382
5305
5344
5267
5075
4921
4806
4767
4844
5036
5190
5382
5572
5726
5803
5880
5841
5918
5918
5918
5880
5918
5726
5649
5495
5344
5228
5113
4921
4767
4577
4384
4231
4038
3846
3654
3540
3347
3193
3155
3078
3001
2962
2962
2924
2924
2924
2924
2924
2886
2886
2886
2886
2886
2924
2924
2924
2924
2886
2886
2886
2886
2886
2809
2770
2770
2770
2770
2732
2732
2770
2770
2809
