3155
3193
3155
3039
2962
2924
3078
3540
3578
3578
3578
3578
3578
3578
3540
3501
3501
3463
3424
3424
3386
3386
3578
3807
3961
4077
4192
4423
4690
4844
4921
4998
5036
5113
5152
5228
5267
5228
5190
5036
4921
4959
4844
4690
4538
4384
4231
4115
3961
3884
3807
3731
3655
3540
3463
3424
3232
3078
2962
2924
3039
3116
3193
3232
3232
3232
3309
3347
3386
3270
3155
3078
3039
3001
3116
3232
3309
3386
3463
3501
3540
3578
3617
3654
3654
3654
3655
3655
3655
3578
3540
3540
3463
3424
3386
3270
3078
3001
2924
3078
3155
3232
3270
3309
3309
3309
3309
3309
3463
3463
3463
3501
3501
3463
3347
3270
3193
3116
3078
3039
2962
2924
2924
2924
2962
2962
3078
3078
3078
3116
3078
3078
3078
3039
3001
3001
3001
2962
2924
2924
2962
2962
3039
3039
3078
3078
3078
3039
2962
2924
2886
2847
2847
2847
2847
2847
2847
2847
2809
2847
2847
2847
2847
2847
2886
3001
3193
3347
3463
3654
3923
4038
4154
4423
4577
4729
4882
5036
5190
5267
5344
5459
5498
5572
5611
5687
5687
5803
5841
5880
5918
5918
5956
5995
6033
6033
6033
6072
6072
6072
6110
6110
6110
6110
6110
6110
6149
6149
6149
6187
6187
6187
6187
6187
6187
6187
6187
6149
6149
6187
6149
6187
6149
6149
6149
6187
6187
6187
6225
6225
6187
6187
6187
6225
6187
6187
6187
6149
6149
6149
6149
6149
6149
6187
6149
6149
6149
6149
6149
6149
6149
6187
6187
6187
6187
6225
6225
6225
6264
6379
6418
6418
6418
6379
6379
6341
6341
6341
6302
6302
6225
6225
6225
6187
6225
6187
6110
6072
5918
5803
5649
5611
5498
5382
5228
5075
4959
4921
4844
4729
4577
4500
4423
4346
4231
4115
4000
3923
3846
3769
3731
3694
3694
3655
3655
3617
3578
3692
4038
4231
4384
4538
4613
4921
5075
5267
5344
5421
5498
5536
5649
5764
5880
5956
6033
6072
6149
6187
6187
6264
6264
6302
6341
6379
6379
6418
6418
6379
6379
6418
6456
6456
6456
6456
6492
6492
6569
6530
6453
6418
6379
6341
6341
6302
6264
6302
6264
6225
6225
6225
6225
6187
6225
6225
6225
6225
6225
6225
6187
6225
6225
6225
6264
6302
6341
6341
6379
6379
6418
6456
6456
6456
6530
6492
6492
6530
6530
6530
6492
6495
6456
6418
6456
6492
6456
6456
6418
6418
6341
6379
6456
6456
6495
6495
6533
6530
6569
6530
6495
6456
6379
6264
6110
5956
5841
5726
5649
5536
5459
5382
5305
5228
5190
5152
5113
5075
5036
4998
4959
4959
4921
4921
4882
4844
4767
4690
4690
4729
4806
4882
4998
5113
5228
5228
5267
5267
5267
5382
5687
5995
6149
6110
5995
5956
5956
5995
6033
6072
6033
6072
6033
6072
6110
6187
6110
6033
5995
5918
5880
5803
5764
5726
5726
5687
5649
5611
5649
5649
5572
5572
5534
5536
5536
5534
5536
5534
5534
5536
5536
5536
5536
5574
5613
5574
5574
5536
5536
5536
5536
5498
5498
5459
5498
5421
5382
5344
5344
5305
5344
5382
5382
5382
5421
5382
5382
5382
5382
5344
5344
5382
5382
5382
5344
5344
5344
5305
5305
5305
5305
5305
5305
5305
5305
5305
5305
5305
5305
5267
5344
5382
5344
5344
5382
5344
5344
5305
5305
5305
5305
5344
5344
5344
5344
5344
5344
5344
5382
5459
5459
5498
5459
5459
5421
5421
5382
5344
5344
5344
5344
5305
5305
5305
5305
5305
5305
5305
5305
5305
5305
5267
5267
5305
5305
5344
5344
5305
5305
5305
5305
5305
5305
5344
5344
5305
5344
5382
5344
5344
5344
5344
5344
5344
5382
5421
5382
5344
5344
5344
5344
5344
5344
5305
5305
5305
5305
5305
5344
5344
5344
5344
5344
5382
5382
5382
5382
5382
5382
5382
5382
5382
5421
5421
5459
5421
5459
5459
5459
5459
5459
5498
5498
5459
5459
5459
5459
5459
5459
5459
5459
5459
5459
5498
5459
5498
5459
5459
5459
5459
5498
5536
5536
5536
5498
5459
5498
5459
5459
5459
5498
5498
5536
5574
5574
5649
5687
5687
5687
5687
5687
5726
5726
5764
5726
5764
5764
5764
5764
5764
5803
5803
5841
5803
5803
5803
5803
5803
5764
5764
5764
5764
5764
5764
5764
5764
5764
5764
5764
5764
5803
5841
5841
5841
5803
5803
5803
5803
5803
5764
5764
5803
5803
5764
5764
5764
5764
5726
5687
5649
5611
5574
5498
5498
5459
5459
5382
5421
5421
5421
5382
5382
5382
5421
5421
5421
5459
5498
5459
5498
5498
5498
5498
5498
5534
5572
5611
5649
5687
5726
5764
5764
5764
5803
5803
5764
5803
5803
5841
5841
5841
5841
5841
5841
5841
5880
5880
5918
5918
5918
5918
5918
5918
5956
5956
5956
5956
5995
5956
5956
5956
5918
5918
5918
5841
5803
5764
5726
5649
5649
5613
5574
5574
5536
5574
5574
5536
5536
5536
5536
5536
5536
5574
5574
5574
5536
5536
5498
5536
5498
5498
5498
5459
5459
5459
5459
5459
5498
5459
5498
5459
5459
5459
5459
5459
5459
5459
5459
5459
5459
5459
5459
5459
5459
5459
5498
5495
5534
5536
5534
5536
5534
5536
5536
5536
5536
5536
5536
5498
5536
5536
5536
5536
5536
5536
5536
5498
5498
5498
5536
5498
5574
5536
5536
5536
5574
5536
5536
5536
5536
5536
5536
5534
5498
5498
5498
5495
5572
5572
5572
5611
5611
5611
5611
5611
5611
5611
5611
5611
5687
5687
5687
5687
5649
5611
5611
5611
5572
5572
5534
5572
5611
5611
5611
5611
5611
5649
5611
5649
5649
5649
5649
5611
5611
5611
5572
5572
5534
5534
5534
5536
5498
5498
5498
5459
5536
5536
5498
5498
5495
5498
5495
5495
5498
5459
5498
5498
5498
5498
5459
5498
5498
5498
5459
5498
5498
5498
5498
5498
5498
5498
5459
5459
5459
5459
5459
5459
5498
5498
5498
5498
5459
5459
5498
5498
5459
5459
5459
5459
5421
5421
5421
5459
5459
5459
5498
5459
5498
5498
5498
5498
5498
5498
5498
5498
5498
5459
5459
5459
5498
5498
5498
5498
5498
5459
5459
5459
5459
5459
5459
5459
5459
5498
5498
5459
5459
5421
5459
5459
5459
5459
5459
5459
5459
5459
5459
5498
5498
5498
5536
5498
5498
5498
5498
5498
5459
5498
5498
5498
5536
5536
5498
5498
5498
5498
5498
5536
5536
5498
5536
5536
5498
5498
5498
5498
5536
5536
5536
5534
5572
5572
5572
5572
5572
5534
5495
5495
5459
5459
5457
5457
5457
5459
5459
5459
5498
5498
5498
5498
5459
5459
5459
5459
5459
5459
5459
5459
5459
5459
5459
5459
5459
5498
5498
5498
5498
5498
5498
5498
5459
5459
5498
5498
5498
5498
5536
5536
5536
5574
5574
5574
5574
5572
5611
5649
5649
5649
5649
5649
5649
5649
5687
5687
5687
5649
5649
5649
5687
5687
5649
5611
5611
5611
5572
5572
5572
5574
5536
5536
5536
5498
5498
5536
5498
5534
5534
5534
5534
5572
5572
5572
5611
5613
5613
5613
5613
5613
5613
5613
5613
5574
5574
5574
5611
5572
5536
5498
5498
5498
5498
5498
5498
5498
5498
5498
5498
5498
5495
5498
5498
5536
5534
5536
5534
5534
5534
5611
5611
5649
5649
5649
5687
5726
5726
5726
5764
5764
5764
5764
5803
5841
5841
5841
5841
5841
5841
5841
5803
5841
5841
5880
5880
5918
5918
5918
5880
5880
5880
5880
5880
5880
5841
5880
5880
5841
5841
5803
5803
5764
5803
5726
5687
5687
5649
5611
5611
5572
5572
5534
5534
5534
5534
5534
5495
5495
5536
5536
5574
5611
5726
5803
5803
5803
5803
5803
5841
5841
5841
5841
5841
5880
5880
5880
5880
5918
5918
5918
5880
5880
5880
5880
5880
5880
5841
5880
5880
5880
5880
5880
5880
5880
5880
5880
5880
5880
5880
5880
5880
5880
5880
5841
5803
5764
5726
5649
5649
5649
5611
5611
5611
5572
5574
5534
5536
5536
5536
5574
5572
5687
5841
5995
5995
5956
5956
5956
5956
5956
5956
5956
5956
5956
5956
5956
6033
6033
6033
6033
6033
6033
6033
5995
5995
6033
5995
5995
5995
5995
5995
5995
5995
5995
5995
6033
5995
5995
5956
5956
5956
5956
5956
5956
5918
5918
5841
5803
5764
5726
5726
5726
5687
5649
5649
5649
5649
5649
5649
5726
5803
5880
5880
5880
5880
5841
5880
5880
5918
5918
5956
5956
5956
5956
5956
5956
5918
5918
5956
5956
5956
5956
5956
5956
5956
5956
5918
5918
5918
5918
5918
5880
5880
5918
5880
5880
5880
5880
5918
5918
5956
5956
5956
5956
5956
5956
5918
5880
5841
5803
5803
5726
5726
5687
5687
5649
5649
5649
5726
5880
6033
5995
5995
5956
5956
5918
5918
5956
5956
5956
5956
5956
5956
5956
5956
5956
5995
5995
5995
5995
5995
5995
5995
5995
5995
5956
5956
5956
5918
5918
5918
5880
5880
5880
5880
5918
5918
5918
5918
5880
5880
5880
5841
5803
5803
5764
5764
5726
5726
5687
5687
5649
5611
5572
5572
5572
5572
5572
5649
5649
5687
5726
5726
5764
5803
5803
5803
5841
5841
5803
5841
5803
5841
5841
5841
5880
5880
5880
5880
5880
5880
5841
5918
5956
6033
6072
6149
6302
6341
6379
6495
6530
6530
6722
6876
6838
6684
6569
6569
6530
6418
6264
6187
5880
5611
5382
5190
5036
4882
4577
4384
4269
4154
4038
3884
3769
3692
3617
3540
3463
3424
3386
3347
3424
3501
3501
3501
3540
3501
3424
3386
3347
3309
3232
3155
3116
3078
3078
3039
3001
3001
2962
2962
2962
2962
2962
2962
2924
2924
2924
2886
3078
3155
3232
3270
3270
3386
3655
3884
4115
4307
4538
4767
4882
4998
5113
5228
5421
5574
5536
5649
5649
5687
5687
5803
5803
5764
5880
5803
5687
5803
5956
6033
6418
6495
6495
6569
6645
6569
6571
6569
6456
6341
6379
6225
6110
5880
5649
5459
5267
5036
4806
4652
4461
4269
4038
3846
3692
3501
3386
3270
3155
3078
3001
2924
2924
2886
2886
2847
2847
2847
2847
2847
2847
2847
2924
2924
2924
2886
2886
2809
2809
2770
2770
2770
2770
2770
2770
2770
2770
2770
2770
2770
2770
2732
2732
2770
2732
2732
2732
2962
3193
3232
3232
3232
3232
3193
3193
