2732
2770
2847
3001
3386
3540
3807
4000
4231
4613
4882
4959
5036
5113
5152
5228
5267
5228
5190
5036
4882
4729
4729
4577
4461
4346
4269
4115
3961
3846
3731
3578
3463
3386
3270
3155
3078
3039
3001
2962
2962
2924
2886
2886
2847
2847
2847
2847
2847
2847
2847
2886
2924
2924
2886
2886
2847
2847
2847
2847
2847
2847
2886
2886
2886
2847
2847
2847
2847
2809
2809
2847
2847
2809
2809
2847
2962
3001
3001
3001
3039
3001
2962
2924
2924
2886
2847
2847
2847
2847
2847
2809
2809
2809
2886
2924
3001
3039
3039
3039
3078
3039
3001
3001
2962
3001
3039
3078
3155
3155
3155
3155
3155
3155
3155
3116
3039
3001
2962
2924
2924
2886
2886
2847
2847
2847
2809
2809
2809
2809
2809
2809
2809
2809
2809
2847
2924
3232
3463
3615
3769
3961
4269
4613
4806
4959
5075
5267
5382
5498
5611
5687
5764
5841
5880
5956
5956
5995
6033
6110
6110
6110
6149
6187
6187
6264
6264
6264
6264
6264
6264
6264
6264
6264
6264
6264
6302
6264
6302
6302
6264
6302
6302
6264
6264
6225
6264
6264
6149
6187
6187
6149
6225
6225
6225
6225
6225
6225
6225
6225
6264
6264
6264
6264
6264
6302
6302
6302
6302
6302
6302
6302
6302
6264
6264
6264
6302
6341
6302
6341
6302
6341
6341
6225
6225
6225
6264
6302
6302
6264
6264
6302
6264
6302
6302
6264
6341
6379
6341
6264
6225
6149
6072
5956
5880
5803
5649
5534
5382
5190
5036
4959
4844
4729
4577
4423
4307
4192
4000
3846
3769
3731
3654
3617
3540
3463
3386
3347
3884
4384
4536
4613
4729
4767
4806
4882
4921
4959
5113
5228
5305
5421
5534
5611
5687
5726
5764
5803
5841
5841
5880
5918
5956
5956
5995
5995
6033
6033
6033
6033
6072
6072
6110
6110
6149
6149
6149
6149
6110
6110
6072
6072
6072
6072
6033
6033
5995
6033
6033
6033
5995
5995
5995
5995
5995
5995
5995
5956
5956
5956
5956
5956
5956
5956
5956
5995
5995
5995
5995
5995
5995
5956
5956
5956
5995
5995
5995
5995
5995
5995
5956
5956
5956
5956
5956
5956
5956
5956
5956
5956
5956
5956
5956
5956
5956
5956
5956
5956
5956
5956
5918
5918
5918
5918
5956
5956
5956
5918
5918
5918
5956
5956
5956
5956
5956
5956
5995
5995
5995
5995
5995
5995
5956
5956
5880
5841
5764
5726
5649
5611
5611
5534
5534
5498
5498
5459
5459
5421
5382
5382
5382
5421
5421
5421
5421
5534
5726
5918
6033
6072
5918
5841
5803
5687
5649
5687
5687
5880
5995
5956
5956
5880
5841
5803
5803
5764
5687
5687
5687
5726
5726
5726
5687
5687
5687
5649
5649
5649
5649
5649
5611
5611
5611
5611
5611
5572
5572
5572
5572
5572
5611
5649
5687
5687
5649
5611
5611
5649
5687
5687
5687
5687
5687
5687
5649
5649
5649
5649
5649
5649
5649
5687
5687
5649
5611
5649
5611
5611
5611
5572
5572
5534
5495
5495
5495
5534
5534
5572
5572
5572
5572
5611
5611
5611
5611
5611
5611
5611
5611
5649
5649
5649
5649
5611
5572
5572
5611
5611
5611
5572
5572
5534
5534
5572
5572
5572
5572
5572
5572
5534
5534
5495
5534
5572
5572
5611
5611
5611
5611
5611
5611
5611
5726
5726
5687
5726
5726
5687
5726
5687
5687
5687
5649
5649
5649
5649
5687
5649
5611
5649
5687
5687
5687
5687
5726
5726
5764
5726
5726
5764
5726
5649
5687
5687
5649
5611
5611
5572
5572
5572
5572
5611
5611
5611
5611
5649
5649
5611
5611
5572
5611
5611
5611
5572
5534
5572
5611
5611
5572
5534
5572
5611
5649
5611
5572
5611
5611
5572
5611
5611
5572
5611
5572
5572
5611
5611
5611
5611
5572
5572
5572
5572
5572
5611
5572
5572
5611
5611
5611
5611
5649
5649
5687
5687
5687
5649
5611
5572
5572
5611
5611
5611
5611
5572
5572
5611
5611
5611
5611
5649
5649
5611
5611
5611
5611
5649
5687
5687
5687
5687
5649
5649
5649
5649
5649
5649
5687
5687
5687
5687
5687
5687
5687
5687
5649
5611
5611
5611
5611
5611
5611
5611
5611
5611
5611
5611
5611
5649
5611
5649
5649
5687
5649
5649
5611
5649
5649
5649
5649
5611
5649
5649
5649
5649
5649
5611
5649
5649
5649
5649
5649
5611
5611
5649
5649
5687
5687
5611
5649
5687
5687
5726
5687
5649
5687
5649
5649
5687
5649
5649
5649
5649
5649
5649
5649
5649
5649
5649
5649
5649
5687
5649
5611
5649
5649
5649
5649
5687
5649
5687
5687
5687
5687
5687
5687
5687
5649
5687
5687
5687
5687
5687
5649
5649
5649
5611
5649
5687
5687
5649
5611
5572
5611
5611
5611
5611
5611
5611
5611
5649
5611
5611
5611
5572
5534
5572
5611
5611
5572
5572
5572
5572
5611
5611
5611
5649
5649
5687
5687
5649
5611
5611
5611
5611
5649
5649
5649
5687
5687
5687
5726
5726
5687
5649
5649
5611
5572
5572
5572
5572
5572
5572
5572
5572
5611
5611
5649
5649
5611
5611
5611
5611
5574
5574
5574
5572
5572
5572
5611
5611
5611
5611
5611
5611
5572
5611
5611
5611
5611
5611
5649
5611
5649
5649
5649
5649
5649
5649
5649
5649
5649
5649
5687
5687
5687
5687
5726
5687
5687
5687
5687
5687
5687
5687
5687
5649
5649
5611
5611
5611
5611
5649
5687
5687
5687
5726
5687
5687
5726
5764
5764
5764
5764
5764
5764
5764
5726
5726
5726
5726
5726
5726
5764
5726
5687
5687
5687
5687
5687
5687
5726
5726
5726
5726
5726
5726
5767
5764
5728
5728
5764
5767
5767
5764
5764
5764
5687
5687
5726
5726
5726
5726
5687
5687
5687
5649
5687
5687
5649
5649
5649
5649
5611
5611
5572
5572
5611
5611
5649
5649
5687
5687
5687
5649
5649
5611
5611
5611
5611
5611
5611
5649
5649
5611
5611
5611
5611
5611
5611
5572
5572
5572
5534
5534
5495
5495
5495
5495
5457
5457
5498
5457
5495
5495
5495
5534
5572
5611
5611
5611
5611
5611
5649
5649
5649
5649
5649
5651
5613
5649
5649
5687
5687
5687
5687
5687
5687
5687
5649
5687
5687
5726
5687
5687
5687
5649
5649
5611
5611
5649
5649
5687
5687
5687
5649
5687
5687
5649
5649
5649
5687
5687
5687
5649
5649
5649
5611
5611
5611
5649
5649
5649
5649
5649
5611
5611
5611
5649
5649
5649
5687
5687
5687
5687
5687
5649
5687
5687
5726
5726
5687
5687
5687
5726
5726
5726
5687
5726
5726
5764
5726
5764
5726
5687
5649
5649
5687
5649
5649
5649
5649
5611
5611
5611
5649
5649
5649
5687
5649
5687
5687
5726
5687
5687
5687
5687
5687
5687
5687
5687
5611
5611
5572
5572
5534
5534
5534
5534
5572
5534
5534
5534
5534
5495
5534
5534
5572
5572
5572
5534
5534
5495
5534
5534
5534
5534
5534
5536
5536
5536
5536
5536
5536
5536
5536
5536
5498
5498
5498
5498
5459
5459
5459
5459
5421
5459
5421
5421
5421
5382
5382
5382
5382
5382
5421
5421
5421
5421
5421
5421
5421
5421
5421
5421
5459
5459
5459
5459
5498
5498
5498
5498
5498
5459
5459
5459
5459
5459
5459
5498
5498
5498
5498
5536
5534
5495
5495
5495
5495
5459
5459
5459
5459
5421
5421
5421
5421
5421
5421
5421
5421
5421
5459
5459
5459
5459
5459
5498
5498
5498
5498
5536
5536
5534
5498
5459
5459
5459
5459
5459
5459
5498
5536
5498
5498
5498
5498
5498
5574
5574
5574
5536
5536
5536
5536
5536
5536
5536
5498
5498
5536
5536
5536
5498
5498
5498
5498
5498
5536
5536
5536
5536
5536
5498
5536
5498
5498
5498
5498
5459
5459
5459
5459
5459
5421
5421
5459
5459
5459
5459
5459
5459
5459
5459
5459
5459
5459
5498
5536
5572
5649
5803
5841
5956
6033
6110
6110
6110
6379
6341
6264
6110
6033
6110
5956
5841
5764
5726
5611
5498
5382
5305
5228
5113
4998
4806
4652
4500
4346
4192
3961
3807
3654
3501
3386
3270
3193
3078
3039
3039
3116
3116
3078
3078
3078
3001
2924
2962
2962
2962
2962
2924
3001
3309
3578
3807
3884
4038
4307
4461
4538
4767
4882
4998
5036
5113
5228
5382
5421
5421
5459
5421
5459
5459
5459
5574
5574
5536
5687
5841
6149
6187
6225
6379
6379
6341
6302
6379
6379
6341
6302
6302
6225
6110
6072
5841
5649
5459
5344
5190
5036
4921
4729
4538
4346
4192
4038
3884
3731
3578
3463
3347
3232
3193
3116
3078
3001
2924
2886
2886
2847
2847
2847
2847
2847
2847
2886
2924
2924
2924
2924
2924
2924
2886
2847
2847
2847
2809
2809
2809
2770
2809
2770
2770
2809
2770
2770
2770
