3577
3500
3423
3346
3307
3269
3193
3116
3078
3039
3001
2924
2886
2886
2886
2847
2847
2847
2847
2847
2847
2847
2847
2847
2847
2886
2924
2924
2924
2924
2924
2886
2886
2847
2847
2847
2847
2847
2847
2847
2847
2847
2809
2809
2886
2962
3039
3078
3078
3039
3001
2962
2962
2962
2962
2962
3001
3001
3039
3039
3001
2962
3001
2962
2924
2924
2886
2886
2886
2886
2886
2847
2847
2847
2847
2809
2809
2847
2847
2847
2847
2886
2962
3116
3307
3500
3692
3923
4038
4229
4383
4536
4729
4880
4996
5073
5265
5342
5418
5495
5572
5649
5687
5726
5726
5839
5839
5839
5839
5877
5877
5954
5954
5954
5992
5954
5954
5877
5916
5916
5954
5954
5954
6031
6031
6031
6031
6069
6031
6069
6069
6069
6031
6031
6031
6031
6031
6031
6031
6069
6108
6069
6108
6108
6108
5992
6031
6031
5992
5992
5992
5992
5992
5954
5916
5916
5877
5839
5839
5877
5916
5954
5954
5954
5992
5954
5954
5916
5877
5839
5839
5839
5839
5877
5877
5916
5839
5839
5839
5877
5877
5916
5992
6031
6146
6261
6300
6223
6223
6223
6223
6223
6184
6223
6184
6108
6069
6108
6184
6184
6108
6069
5992
5877
5687
5572
5457
5342
5188
5034
4921
4806
4729
4652
4575
4498
4459
4383
4344
4267
4229
4152
4113
4075
3998
4000
3961
3884
3884
3884
3846
3846
3846
3807
3807
3807
3769
3769
3769
3769
3846
4075
4229
4383
4498
4575
4536
4690
4767
4767
4767
4806
4806
4806
4844
4957
5073
5188
5265
5380
5418
5457
5572
5649
5687
5687
5687
5687
5687
5687
5726
5800
5877
5954
6031
5992
5954
5992
5954
5992
5954
5992
6031
6031
6031
6031
6069
6031
6069
6069
6069
6069
6069
6069
6069
6069
6069
6108
6108
6108
6108
6108
6108
6108
6108
6146
6146
6108
6069
6108
6146
6146
6108
5992
6031
6031
6031
5992
6069
6069
6069
6069
6031
6031
6031
6069
6108
6108
6108
6069
6108
6108
6108
6146
6108
6108
6108
6146
6146
6146
6146
6108
6108
6069
5992
5916
5877
5800
5726
5649
5611
5572
5534
5495
5457
5418
5380
5380
5342
5342
5303
5265
5265
5265
5226
5188
5188
5188
5188
5226
5265
5342
5342
5380
5457
5534
5534
5572
5572
5572
5534
5649
5649
5726
5726
5764
5839
5877
5877
5877
5877
5839
5954
6108
6261
6261
6261
6261
6223
6261
6415
6492
6569
6607
6569
6530
6453
6453
6415
6377
6261
6184
6108
5954
5877
5687
5495
5265
5111
4921
4690
4421
4229
4038
3884
3769
3577
3423
3307
3193
3116
3078
3039
3001
2962
2962
2924
2924
2886
2886
2847
2847
2847
2962
3001
3001
3155
3346
3769
4037
4190
4383
4498
4613
4729
4844
4996
5034
5034
5073
5111
5111
5111
5073
4996
4957
4882
4767
4729
4690
4536
4421
4267
4075
3923
3961
4037
4652
4806
4842
4996
5073
5111
5111
5188
5149
5034
4957
4957
4844
4806
4652
4498
4344
4190
4000
3846
3692
3577
3461
3346
3269
3192
3155
3116
3039
3001
2962
2962
2924
2886
2886
2962
2962
2962
2962
2962
2924
2924
2924
2924
2924
2924
2924
2886
2886
2886
2924
2886
2847
2809
2809
2770
2770
2770
2770
2809
