2809
2962
3307
3461
3577
3692
3807
4075
4075
4075
4037
4037
4075
4267
4190
4152
4075
4000
3923
3846
3692
3615
3538
3461
3384
3307
3269
3230
3155
3116
3078
3001
2962
2924
2886
2886
2847
2847
2847
2847
2847
2847
2847
2847
2847
2924
2924
2924
2886
2886
2886
2847
2847
2847
2847
2847
2847
2847
2847
2847
2847
2847
2809
2847
2847
2847
2809
2847
2809
2847
3001
3116
3230
3307
3346
3500
3538
3538
3577
3577
3577
3577
3577
3577
3577
3500
3423
3384
3346
3269
3192
3155
3078
3078
3078
3116
3116
3116
3116
3078
3078
3039
3001
2962
2924
2924
2924
2924
2924
2886
2847
2847
2847
2847
2847
2847
2847
2847
2847
2886
3039
3230
3423
3654
3807
3884
4038
4190
4459
4652
4844
4957
5073
5226
5303
5418
5495
5611
5687
5687
5762
5839
5839
5877
5916
5954
5916
5954
5954
5992
5992
6031
6031
6069
6108
6108
6108
6146
6146
6146
6184
6184
6146
6146
6184
6184
6223
6184
6223
6223
6184
6223
6223
6223
6184
6184
6184
6184
6184
6184
6146
6184
6184
6184
6184
6146
6146
6146
6146
6146
6146
6108
6108
6146
6108
6108
6108
6146
6146
6184
6184
6184
6146
6184
6184
6223
6223
6223
6223
6223
6223
6261
6261
6261
6223
6069
5839
5649
5649
5649
5649
5649
5611
5534
5495
5457
5457
5380
5303
5149
5034
4957
4882
4806
4767
4652
4575
4498
4421
4383
4229
4113
3961
3884
3807
3731
3692
3654
3577
3577
3538
3500
3461
3423
3423
3538
3731
3923
4075
4190
4421
4842
4880
4880
4919
4957
4806
4882
4919
4996
5111
5226
5342
5457
5495
5572
5687
5726
5800
5839
5839
5839
5877
5877
5877
5954
5992
6031
6031
6031
6031
6069
6146
6146
6108
6146
6146
6146
6108
6108
6108
6146
6146
6184
6146
6146
6146
6146
6108
6108
6146
6108
6108
6108
6108
6069
6108
6108
6108
6069
6069
6069
6069
6069
6069
6069
6069
6069
6069
6069
6108
6108
6108
6146
6146
6146
6146
6146
6146
6108
6146
6146
6146
6184
6184
6146
6184
6108
6146
6108
6108
6069
6069
5954
5916
5877
5800
5764
5726
5687
5687
5611
5495
5380
5303
5303
5380
5495
5534
5572
5762
5762
5800
5800
5800
6146
6146
6146
6108
6108
6108
6300
6415
6492
6492
6453
6415
6377
6377
6261
6146
6108
5954
5839
5726
5649
5611
5457
5188
4959
4729
4575
4421
4267
4038
3846
3654
3500
3384
3269
3193
3116
3039
3001
2924
2886
2886
2886
2886
2886
2924
2886
2886
2847
2847
2847
2847
2847
2962
3346
3538
3846
4190
4459
4652
4729
4806
4919
4957
5073
5226
5188
5265
5265
5265
5303
5342
5418
5380
5342
5495
5342
5342
5342
5226
5303
5457
5726
5954
6069
6146
6184
6261
6261
6300
6184
6146
6223
6184
6146
6146
6031
5916
5800
5685
5534
5265
5034
4844
4690
4536
4344
4152
3961
3807
3654
3500
3423
3307
3230
3193
3116
3039
3001
2962
2924
2886
2886
2847
2847
2847
2886
2886
2847
2847
2886
3192
3193
3230
3307
3307
3269
3269
3269
3232
3193
3155
3116
3078
3039
3039
3001
3001
2962
2962
2962
2962
2962
2962
2962
2962
2924
2924
2924
2924
2924
