2809
2809
2809
2809
2809
2847
2847
2847
2847
2847
2847
2847
2847
2847
2962
3116
3078
3039
3039
3001
2962
2962
2962
2924
2924
2924
2886
2886
2847
2847
2847
2847
2847
2809
2847
2924
3001
3039
3078
3078
3039
3001
2962
3001
2962
2924
2886
2886
2847
2847
2847
2847
2886
2924
2962
3039
3001
3001
3001
3001
3001
2962
2962
2962
2962
2962
2924
2962
2924
2962
2962
2924
2924
2924
2924
2924
2924
3001
2962
3039
3154
3346
3538
3731
3998
4113
4190
4383
4498
4652
4806
4919
4996
5188
5303
5457
5534
5572
5611
5649
5687
5764
5800
5803
5841
5839
5916
5877
5877
5954
5954
5992
5992
5992
5992
6031
5992
5992
6031
6069
6031
6031
6108
6108
6108
6069
6069
6031
6031
6031
6069
6031
6069
6069
6069
6069
6069
6108
6108
6108
6069
6069
6069
6031
6031
6031
6069
6069
6031
6031
6031
5992
5954
5916
5954
5954
5954
5992
5992
6069
6069
6069
6031
6031
5992
5992
5992
5992
5992
5992
5992
5916
5954
5954
5992
5992
6031
6031
6069
6031
6108
6223
6223
6184
6184
6184
6223
6184
6184
6184
6108
6108
6069
6146
6108
6069
5992
5954
5877
5839
5726
5687
5649
5457
5265
5111
4996
4806
4652
4459
4344
4190
4038
3923
3731
3615
3538
3461
3384
3346
3346
3384
3807
4113
4267
4498
4767
4806
4880
4921
4957
5034
5073
5111
5226
5265
5380
5457
5534
5611
5611
5649
5723
5762
5762
5762
5762
5762
5762
5762
5800
5764
5800
5916
5954
5954
6031
5992
6031
6108
6108
6108
6146
6146
6184
6184
6184
6223
6223
6261
6223
6223
6223
6261
6223
6184
6223
6223
6184
6223
6223
6223
6184
6223
6184
6146
6146
6184
6184
6184
6184
6223
6223
6223
6184
6184
6184
6223
6223
6223
6223
6261
6261
6261
6261
6223
6223
6223
6261
6223
6261
6261
6223
6261
6261
6261
6223
6261
6261
6261
6184
6069
6031
5954
5877
5839
5764
5726
5687
5649
5572
5457
5380
5342
5342
5303
5303
5265
5149
5111
5111
5111
5111
5226
5303
5380
5457
5495
5649
5649
5687
5687
5649
5762
5916
6031
6146
6108
6146
6146
6146
6223
6377
6492
6604
6530
6530
6530
6530
6453
6300
6184
6031
5916
5762
5572
5380
5188
5073
4880
4690
4459
4229
4075
3884
3692
3577
3423
3307
3230
3116
3078
3001
2962
2924
2924
2924
2924
2924
2886
2886
2886
2886
2886
2924
3346
3577
3769
3846
3961
4000
4038
4075
4113
4113
4113
4000
4037
4000
4037
4113
4152
4152
4190
4267
4459
4498
4536
4536
4652
4613
4536
4536
4498
4306
4190
4113
4000
3846
3731
3692
3769
4037
4152
4806
4919
4957
4957
4996
5073
5188
5303
5303
5342
5380
5380
5265
5226
5188
5111
4996
4882
4767
4690
4575
4459
4344
4190
4077
3961
3807
3692
3577
3461
3384
3269
3193
3155
3078
3039
2962
2924
2886
2847
2847
2847
2962
3001
3078
3116
3155
3193
3230
3230
3230
3192
3193
3155
3155
3116
3116
3078
3001
2962
2962
2962
2962
2924
2886
2847
2809
2770
2770
2770
2809
2847
2886
2886
