3500
3269
3116
3039
2962
2924
2886
2886
2847
2847
2847
2847
2886
3001
3192
3384
3538
3692
3923
3923
3923
3884
3923
4113
4075
4038
4000
3961
3923
3884
3846
3769
3731
3654
3577
3500
3384
3307
3269
3192
3155
3116
3039
2962
2924
2886
2886
2847
2847
2847
2847
2847
2847
2847
2847
2847
3001
3001
3001
3001
2924
2886
2886
2886
2847
2847
2847
2847
2847
2847
2847
2847
2847
2847
2847
2847
2847
2847
2847
2847
3039
3078
3154
3230
3269
3346
3384
3384
3384
3384
3384
3346
3346
3307
3230
3155
3116
3078
3039
3001
2962
2962
2924
2924
2886
2886
2886
2847
2847
2847
2847
2924
2924
3039
3116
3230
3307
3423
3461
3423
3423
3384
3384
3384
3384
3384
3384
3384
3423
3384
3346
3307
3307
3269
3230
3230
3193
3155
3078
3039
3039
3001
3001
2962
2962
2962
2962
2924
2924
2886
2886
2847
2847
2847
2847
2847
2847
2886
3192
3461
3731
3846
4000
4152
4344
4459
4652
4806
4921
5149
5226
5380
5457
5534
5649
5687
5764
5800
5877
5916
5954
5954
6031
6069
6069
6146
6146
6146
6146
6184
6223
6223
6184
6223
6223
6184
6223
6261
6261
6223
6261
6261
6300
6261
6261
6300
6338
6338
6338
6338
6338
6338
6300
6300
6300
6338
6300
6300
6338
6338
6338
6300
6300
6300
6300
6261
6261
6261
6261
6300
6300
6300
6300
6300
6261
6261
6261
6261
6223
6223
6261
6261
6261
6300
6338
6300
6300
6300
6300
6300
6338
6300
6338
6377
6377
6338
6261
6261
6223
6261
6300
6300
6261
6146
6146
5954
5839
5954
5992
5954
5803
5649
5572
5764
5800
5800
5726
5687
5572
5495
5418
5418
5380
5457
5572
5611
5687
5764
5800
5839
5839
5877
5916
5954
5992
5992
5992
5954
5954
5954
5992
6031
6069
6031
6031
6031
6031
6031
6031
6069
6069
6108
6069
6108
6069
6069
6069
5992
5992
5992
6031
6031
6031
6031
6031
6069
6069
6108
6069
6108
6108
6108
6108
6069
6031
6108
6108
6108
6108
6069
6031
6031
6031
6031
6069
6031
6069
6069
6031
6069
6108
6184
6146
6108
6108
6146
6146
6146
6146
6184
6184
6223
6223
6223
6223
6223
6223
6184
6146
6146
6146
6069
5954
5877
5800
5764
5687
5649
5611
5534
5534
5495
5457
5418
5380
5380
5342
5342
5303
5303
5265
5303
5342
5303
5303
5226
5149
5111
5034
4996
4996
5034
4957
4957
4996
4996
4806
4767
4729
4690
4690
4729
4767
4767
4844
4844
4957
5073
5073
5111
5149
5303
5649
5877
5916
5954
5954
5992
6031
6223
6338
6415
6453
6415
6415
6415
6377
6184
6108
5992
5877
5764
5572
5380
5226
5034
4806
4613
4306
4075
3846
3731
3615
3500
3384
3307
3232
3155
3116
3078
3039
3039
3001
2962
2962
2962
2924
2924
2924
2886
2886
2924
2924
2924
2886
3078
3230
3423
3731
3961
4152
4306
4421
4536
4652
4767
4919
5111
5111
5188
5226
5188
5188
5226
5149
5149
5149
5265
5265
5265
5265
5226
5073
4921
4729
4575
4459
4383
4383
4613
4844
4996
5111
5149
5188
5226
5342
5303
5303
5457
5649
5572
5534
5495
5534
5418
5342
5265
5188
5111
5073
4959
4806
4652
4536
4383
4190
4038
3884
3769
3615
3500
3423
3346
3230
3193
3116
3039
3001
2962
2962
2924
2924
2886
2886
2886
2886
2886
2886
2847
2847
2886
2924
3232
3193
3230
3307
3307
3346
3423
3500
3461
3423
3423
3384
3384
3346
3230
3078
3001
2924
2924
2886
2847
2847
2847
2847
2847
2847
