2732
2884
3077
3346
3500
3614
3767
3960
4037
4037
4037
4075
4152
4419
4381
4306
4229
4152
4075
3998
3960
3921
3806
3729
3575
3500
3423
3346
3269
3192
3154
3077
3038
3038
3000
3000
2961
2923
2923
2923
2884
2884
2884
2846
2846
2846
2846
2846
2846
3000
3000
3038
3038
3038
3000
2923
2923
2884
2884
2846
2846
2846
2847
2846
2846
2884
2846
2846
2846
2846
2847
2847
2809
2809
2846
2846
3000
3000
3038
3038
3077
3038
3000
2961
2961
2923
2923
2923
2923
2923
2961
2961
2961
2923
2923
2961
3000
3077
3077
3038
3038
3000
2961
2923
2884
2884
2884
2846
2846
2846
2846
2846
2846
2884
2961
3000
3038
3077
3077
3115
3077
3038
3000
2961
2961
2923
2923
2923
2923
2884
2884
2884
2884
2923
2884
2884
2884
2884
2884
2884
2846
2846
2846
2846
2884
2961
3154
3384
3614
3883
4075
4152
4342
4496
4688
4842
4957
5147
5262
5378
5455
5531
5570
5608
5685
5762
5800
5875
5875
5952
5990
5952
5990
6028
6028
6067
6105
6105
6105
6105
6144
6105
6105
6144
6144
6182
6182
6182
6182
6182
6182
6144
6144
6182
6182
6182
6220
6220
6220
6182
6220
6220
6220
6220
6220
6259
6220
6220
6220
6220
6220
6220
6220
6220
6220
6220
6182
6220
6182
6182
6220
6220
6220
6220
6182
6220
6220
6220
6220
6182
6259
6220
6259
6182
6182
6220
6259
6220
6336
6336
6297
6220
6220
6182
6220
6182
6144
6105
6028
5952
5800
5647
5531
5416
5301
5186
5111
4996
4919
4842
4765
4650
4573
4534
4458
4342
4267
4190
4113
3998
3883
3806
3729
3652
3614
3537
3538
3500
3461
3461
3423
3575
3883
4152
4342
4496
4611
4804
4957
5034
5034
5034
5073
5147
5224
5262
5339
5378
5416
5493
5531
5531
5531
5531
5570
5608
5647
5685
5685
5685
5723
5723
5762
5800
5762
5762
5762
5762
5762
5762
5800
5839
5839
5839
5839
5839
5839
5800
5839
5723
5723
5762
5762
5762
5762
5762
5800
5800
5839
5839
5800
5800
5800
5800
5800
5839
5839
5839
5800
5800
5800
5800
5800
5800
5800
5839
5839
5800
5839
5839
5800
5800
5800
5800
5800
5800
5800
5800
5800
5800
5800
5762
5762
5762
5762
5762
5800
5800
5762
5762
5762
5762
5762
5723
5762
5762
5762
5800
5800
5800
5800
5800
5800
5800
5839
5839
5800
5800
5800
5839
5839
5839
5839
5839
5800
5839
5839
5800
5800
5800
5800
5839
5839
5839
5839
5839
5839
5800
5839
5839
5877
5877
5839
5839
5839
5839
5839
5839
5800
5800
5762
5762
5723
5723
5723
5723
5647
5608
5570
5531
5493
5493
5455
5455
5416
5339
5339
5301
5262
5262
5224
5186
5147
5147
5147
5147
5147
5147
5109
5186
5224
5262
5339
5455
5493
5531
5570
5608
5608
5647
5647
5531
5493
5416
5416
5531
5570
5570
5685
5762
5762
5839
5990
6028
6144
6067
6067
6028
5990
6105
6105
6067
6028
6105
6028
5990
5990
5990
6067
6259
6374
6566
6528
6451
6412
6412
6336
6374
6374
6297
6182
6067
6067
5916
5800
5685
5493
5262
5034
4842
4688
4496
4342
4152
3960
3806
3652
3500
3346
3269
3154
3077
3038
3000
3000
3038
3000
2961
2961
2923
2923
2923
2884
2846
2846
2846
2846
2846
2846
2846
2923
3115
3423
3614
3883
3998
4113
4229
4381
4419
4611
4804
4842
4880
4996
5034
5073
5073
4996
4957
5034
5073
5111
5493
5647
5762
5916
6105
6105
6028
5952
5952
5990
5990
6028
6067
6028
6028
6067
5990
5990
5990
5877
5647
5416
5186
4957
4804
4611
4496
4229
4037
3883
3767
3614
3500
3423
3346
3230
3154
3115
3038
3000
2961
2884
2884
2846
2846
2846
2846
2846
2846
2846
2846
2846
3154
3154
3115
3077
3077
3038
3000
3000
3000
2961
2961
2961
2961
2923
2923
2923
2884
2884
2884
2884
2884
3000
3000
3000
2961
2923
2923
2923
2884
2884
2884
2884
2884
2846
2846
