2732
2886
2924
3000
3192
3192
3192
3154
3115
3115
3038
3000
2962
2924
2924
2924
2886
2886
2847
2847
2809
2809
2809
2809
2809
2809
2809
2924
2962
3000
3038
3077
3077
3077
3038
3038
3000
2962
2962
2924
2886
2886
2847
2847
2847
2809
2886
3000
3269
3500
3692
3960
4229
4534
4688
4842
4957
5149
5265
5378
5455
5531
5570
5685
5723
5762
5800
5800
5877
5877
5877
5916
5916
5916
5916
5916
5916
5954
5954
5954
5954
5992
5992
5954
5954
5954
5992
5992
5954
5992
5992
5954
5916
5916
5916
5877
5877
5839
5800
5839
5839
5839
5839
5877
5877
5877
5877
5877
5877
5916
5954
5954
5954
5954
5916
5916
5916
5916
5916
5916
5954
5954
5954
5954
5954
5992
5992
5954
5992
5916
5916
5916
5916
5954
5954
5954
5916
5916
5954
5992
5954
5954
5954
5954
5954
5954
6031
6146
6220
6223
6146
6146
6146
6182
6146
6108
6182
6146
6069
6031
6031
6069
6031
5992
5954
5916
5762
5608
5493
5378
5303
5188
5111
4996
4880
4765
4688
4573
4459
4306
4190
4037
3921
3806
3731
3615
3500
3461
3384
3346
3346
3307
3307
3806
4190
4306
4306
4459
4536
4536
4536
4536
4536
4536
4573
4727
4919
5034
5111
5226
5303
5380
5455
5531
5608
5647
5608
5608
5647
5647
5685
5762
5839
5916
5916
5916
5954
5954
5992
5992
5992
5992
6031
6031
6069
6031
6069
6031
6069
6069
6108
6069
6108
6108
6108
6108
6069
6069
6108
6069
6069
6069
6069
6069
6069
6069
6031
6031
6031
5992
6031
6031
6031
6069
6031
6031
6031
5992
5992
5992
5992
5992
6031
6031
6031
6031
6031
6031
6031
6031
6031
6031
6069
6069
6031
6031
6031
6031
5992
6031
6031
6031
5954
5877
5762
5685
5647
5608
5570
5570
5608
5608
5608
5647
5723
5685
5608
5493
5455
5418
5380
5493
5493
5493
5455
5457
5495
5495
5455
5493
5493
5418
5380
5380
5531
5685
5877
5877
5800
5723
5608
5531
5608
5723
5839
5723
5570
5455
5342
5226
5111
4957
4765
4575
4421
4229
4113
3921
3731
3615
3461
3346
3230
3154
3077
3000
2962
2924
2924
2886
2847
2847
2847
2847
2847
2809
2809
2847
2809
2847
2847
2962
3115
3077
3038
3001
2962
2962
2962
2924
2886
2886
2847
2847
2847
2847
2847
2847
2847
2809
2809
2886
3000
3192
3384
3538
3883
4037
4152
4306
4459
4611
4727
4765
4957
5149
5342
5416
5455
5455
5455
5380
5303
5226
5149
5034
4919
4842
4727
4575
4421
4267
4152
3998
3883
3731
3615
3500
3423
3307
3269
3192
3115
3307
3461
3538
3577
3615
3577
3577
3654
3769
3844
4037
4075
4190
4267
4421
4575
4575
4650
4727
4727
4765
4727
4650
4765
5034
5226
5723
5992
6108
6108
6146
6031
5954
5839
5762
5608
5455
5265
5149
5034
4919
4842
4688
4498
4344
4190
4037
3921
3769
3615
3500
3384
3307
3230
3154
3077
3000
2961
2961
2924
2924
2924
2886
2847
2886
2886
2886
2886
2886
2886
2847
2847
2847
2847
3077
3000
2961
2924
2924
2924
2886
2847
2847
2847
2847
2847
2809
2809
2809
2809
2809
2809
2809
2809
2809
2809
2809
2809
2809
2847
2962
3000
3038
3077
3077
3077
3038
3038
3000
3000
2961
2961
2962
2962
2924
2924
2886
2886
2847
2847
2847
2809
2809
2809
2809
2809
2809
2809
2809
2809
2809
2962
2962
3001
3000
3000
2924
2962
3115
3154
3230
3269
3346
3384
3384
3346
3346
3307
3307
3230
3230
3154
3077
3038
2962
2962
2886
2886
2847
2847
2886
