3154
3192
3192
3230
3230
3269
3346
3461
3575
3806
3921
4037
4304
4306
4342
4342
4381
4573
4573
4573
4534
4458
4381
4306
4229
4152
4037
3921
3844
3767
3691
3614
3538
3538
3500
3461
3423
3384
3384
3384
3307
3307
3269
3269
3269
3269
3269
3269
3269
3384
3384
3384
3384
3423
3423
3384
3384
3346
3346
3346
3307
3307
3346
3538
3652
3691
3806
3883
3960
4075
4190
4342
4458
4534
4688
4880
4957
5073
5034
4996
4996
4957
4919
4957
4919
4919
4919
4804
4688
4534
4419
4267
4075
3921
3767
3614
3500
3384
3269
3192
3115
3038
3000
3000
2961
3000
3077
3077
3115
3115
3077
3077
3038
3000
3038
3038
3000
3038
3038
3077
3115
3154
3154
3154
3154
3115
3154
3115
3077
3038
3000
2961
2923
2884
2923
2961
3038
3077
3038
3077
3077
3115
3077
3077
3038
3000
3000
2961
2923
2923
2923
2923
2884
2884
2884
2884
2846
2846
2846
2846
2807
2846
2846
2847
2807
2923
3077
3307
3538
3844
3960
4075
4306
4419
4573
4688
4804
4919
5073
5186
5262
5339
5416
5455
5531
5608
5647
5685
5723
5723
5762
5762
5800
5800
5839
5839
5877
5839
5916
5877
5877
5877
5877
5877
5877
5916
5916
5916
5916
5916
5916
5916
5954
5990
5990
6028
6028
6028
6067
6067
6028
6028
6028
5990
5990
5990
6028
6028
5990
5990
5990
5990
5990
5990
5990
5990
5952
5952
5952
5990
5990
6028
6028
6067
6067
6105
6105
6105
6105
6105
6144
6144
6144
6105
6105
6182
6144
6144
6144
6105
6144
6144
6144
6144
6144
6144
6182
6144
6105
6182
6182
6182
6259
6220
6259
6220
6259
6220
6259
6220
6259
6259
6259
6220
6220
6182
6182
6144
6182
6144
6105
6067
6028
5913
5877
5762
5723
5570
5493
5378
5188
4957
4804
4650
4496
4421
4267
4152
3998
3921
3806
3691
3652
3615
3614
3652
3652
3691
3691
3767
4190
4496
4727
4880
4996
5262
5416
5455
5455
5493
5531
5608
5723
5762
5916
5913
5952
5952
5990
6028
6028
6067
6028
5990
5990
5952
5952
5952
5990
5990
6028
6028
6028
6028
6028
6067
6067
6105
6105
6105
6067
6105
6067
6067
6105
6144
6144
6182
6144
6182
6182
6144
6144
6144
6182
6182
6182
6144
6182
6144
6144
6105
6067
6105
6105
6144
6144
6144
6105
6105
6144
6144
6144
6105
6105
6105
6105
6067
6028
6028
6067
6105
6067
6067
6067
6067
6105
6144
6105
6144
6144
6105
6105
6067
6105
6105
5992
5877
5800
5723
5685
5647
5570
5531
5493
5455
5416
5378
5378
5378
5378
5378
5339
5339
5339
5301
5301
5301
5301
5224
5073
4996
4919
4804
4727
4650
4650
4611
4688
4727
4880
5186
5378
5493
5685
5608
5455
5493
5723
5723
5762
5875
5913
6028
6144
6182
6259
6220
6182
6105
6067
6105
6144
6220
6259
6182
6144
6105
6105
6144
6336
6451
6566
6681
6604
6489
6528
6489
6604
6451
6259
6182
6028
5877
5762
5647
5570
5416
5262
5034
4842
4650
4496
4344
4152
3960
3806
3691
3538
3384
3307
3192
3154
3077
3077
3038
3000
3000
3000
3000
3000
2961
2961
2961
2961
2961
2961
3077
3077
3077
3038
3000
2961
2923
2884
2884
2846
2846
2846
2846
2846
3000
3307
3538
3691
3806
3844
3921
3960
3960
3960
3998
3960
3921
4037
4037
4037
3998
3998
3998
3998
4152
4267
4306
4419
4383
4344
4344
4306
4229
4229
4306
4419
4688
4804
4957
5147
5262
5416
5647
5685
5608
5647
5531
5416
5339
5224
5186
5111
4957
4765
4611
4458
4306
4152
3960
3806
3691
3538
3461
3384
3307
3230
3154
3115
3077
3038
3038
3000
3000
3000
2961
2923
2923
2923
2884
2884
2846
2846
2846
2846
2846
2923
3154
3154
3115
3115
3038
3000
2961
2961
2961
2923
2923
2923
2923
2923
2884
2884
2884
2846
2846
2846
2846
2847
2847
2846
2884
2961
3000
3000
3000
2961
2961
2923
2923
2923
2923
2884
2884
2846
2884
2846
2846
2846
2847
2847
