3384
3575
3729
3844
3960
4152
4381
4534
4534
4534
4496
4458
4496
4611
4573
4534
4458
4342
4229
4152
4075
3998
3921
3767
3652
3500
3384
3269
3192
3115
3038
3000
2961
2923
2923
2884
2846
2846
2846
2846
2846
2807
2809
2807
2809
2923
2961
3000
3000
2961
2923
2884
2884
2846
2846
2846
2846
2807
2807
2807
2807
2807
2809
2807
2846
2846
2807
2807
2846
2846
2961
3000
3038
3038
2961
2923
2884
2884
2846
2846
2846
2846
2846
2846
2846
2846
2846
2884
2923
2961
3038
3077
3077
3077
3077
3038
3000
3000
3000
3000
3038
3115
3115
3154
3154
3115
3115
3077
3038
3000
2961
2923
2923
2923
2884
2884
2884
2846
2846
2846
2846
2807
2807
2807
2846
2846
2807
2807
2884
2923
2923
2884
2846
2846
2846
2923
3115
3269
3461
3614
3767
4113
4419
4534
4688
4804
4957
5073
5147
5262
5339
5455
5570
5570
5647
5647
5685
5723
5762
5762
5762
5800
5839
5877
5877
5952
5952
5952
5913
5913
5952
5952
5990
6028
5990
5990
5990
5952
5952
5913
5952
5875
5875
5875
5913
5875
5913
5913
5952
5952
5952
5990
6028
6028
5990
5952
5913
5913
5952
5913
5913
5913
5913
5877
5839
5877
5839
5839
5839
5839
5839
5877
5916
5877
5877
5877
5877
5800
5800
5839
5800
5800
5839
5800
5877
5839
5839
5800
5836
5839
5913
5913
5952
5990
6067
6067
6028
5952
5952
5952
5990
5990
5990
5990
5952
5875
5875
5952
5952
5913
5913
5875
5839
5762
5685
5647
5608
5531
5416
5301
5186
5109
5034
4996
4919
4842
4727
4650
4573
4534
4458
4344
4267
4152
4113
4037
3960
3844
3767
3691
3652
3575
3538
3461
3423
3384
3423
3767
3998
4229
4306
4381
4534
4688
4688
4804
4919
4996
5109
5262
5339
5455
5531
5531
5608
5685
5723
5800
5800
5762
5762
5762
5762
5839
5916
5916
5952
6028
6028
5990
6028
6028
6067
6067
6067
6067
6028
6067
6067
6105
6105
6105
6144
6144
6105
6067
6105
6067
6067
6105
6105
6105
6105
6067
6067
6067
6067
6067
6105
6105
6144
6105
6144
6144
6105
6067
6067
6105
6105
6105
6105
6105
6105
6105
6105
6105
6067
6105
6105
6105
6105
6067
6105
6067
6067
6067
6105
6105
6067
5952
5913
5875
5800
5723
5685
5647
5647
5570
5493
5416
5301
5224
5224
5262
5224
5339
5570
5647
5570
5493
5416
5378
5339
5339
5455
5493
5647
5647
5685
5685
5685
5800
5800
5800
5836
5952
5913
5916
5877
5877
5952
6105
6220
6297
6374
6451
6528
6528
6412
6336
6297
6336
6297
6374
6336
6220
6105
6028
5952
5800
5723
5570
5416
5224
4996
4804
4573
4419
4267
4113
3921
3806
3652
3500
3384
3269
3192
3115
3038
2961
2923
2884
2846
2846
2846
2846
2846
2846
2846
2807
2846
2923
2961
2961
3115
3423
3614
3691
3767
3960
4037
4075
4265
4611
4688
4842
4919
4957
4996
5073
5186
5339
5339
5378
5416
5378
5416
5378
5339
5455
5378
5224
5224
5034
4919
4804
4804
4765
5224
5339
5493
5608
5685
5723
5762
5913
5839
5685
5608
5723
5647
5531
5455
5339
5262
5186
5073
4919
4765
4650
4496
4381
4267
4037
3883
3729
3614
3500
3384
3307
3230
3154
3115
3077
3000
2961
2961
2923
2923
2923
2923
2884
2884
2846
2884
2846
2846
2846
2884
3154
3269
3307
3307
3346
3384
3384
3384
3307
3269
3269
3230
3192
3154
3115
3077
3077
3038
3000
2961
3038
3077
3077
3038
3038
3038
3000
2961
2961
2923
2923
2884
2884
2884
2846
2846
2846
2846
2884
